13
0 20 340 590 plante.bmp 
1 60 40 440 grenouille.bmp 
2 80 240 440 papillon.bmp 
3 50 440 440 ecureille.bmp 
4 30 640 440 cerf.bmp 
5 20 65 240 raton_laveur.bmp 
6 60 215 240 lezard.bmp 
7 40 727 78 aigle.bmp 
8 50 515 240 lapin.bmp 
9 15 665 240 martre_des_pins.bmp 
10 25 540 20 chat.bmp 
11 30 140 20 loup.bmp 
12 10 340 20 lion_des_montagnes.bmp 
29
0 0 1 30
1 0 2 20
2 0 3 15
3 0 4 20
4 1 5 14
5 1 6 20
6 1 7 25
7 1 8 30
8 1 9 20
9 2 6 15
10 2 7 20
11 2 8 30
12 3 5 15
13 3 7 20
14 3 8 25
15 3 9 15
16 4 11 20
17 4 12 30
18 5 10 40
19 5 11 25
20 5 12 35
21 6 10 25
22 6 11 40
23 6 12 35
24 8 10 25
25 8 11 35
26 8 12 45
27 9 10 30
28 9 12 35
